Static:  0.553587
CGI:  0.0343556
Dir:  0.350665
