Static:  0.407154
CGI:  0.241086
Dir:  0.518431
